1	3904
1	65310
1	280918
1	226566
1	1287
1	588296
1	33290
1	1895362
1	33550
1	44691
1	25364
1	25366
1	36759
1	7576
1	217754
1	157
1	2206
1	12319
1	33
1	163
1	809734
1	39723
1	35629
1	607278
1	559
1	99
1	220488
1	20658
1	58547
1	39349
1	56308
1	34750
1	19008
1	65
1	26178
1	359499
1	355
1	4166
1	328
1	75
1	324912
1	329936
1	45394
1	34515
1	42453
1	33494
1	2520
1	217561
1	186975
1	225
1	28131
1	1255
1	37736
1	10602
1	278834
1	113
1	494618
1	286708
1	638
1	503
1	338296
1	256121
1	41338
1	458491
1	5246
2	85
