1	1282
1	220419
1	5
1	44550
1	9
1	338445
1	45357
1	329744
1	4114
1	28179
1	23
1	225563
1	26909
1	325125
1	33
1	31779
1	34598
1	41095
1	557
1	234800
1	30344
1	182066
1	351
1	286780
1	25662
1	65
1	39748
1	327
1	22345
1	607562
1	217783
1	19023
1	7506
1	43860
2	85
1	737380
1	13967
1	809309
1	280927
1	98
1	1379
1	5220
1	11624
1	97997
1	260114
1	6768
1	33445
1	556915
1	316023
1	43640
1	359033
1	60178
1	3451
1	34429
1	639
1	255616
1	587651
1	3905
1	186504
1	41073
1	37773
1	36973
1	458129
1	217492
1	64150
1	10906
1	157
1	281246
1	1221
1	703736
1	163
1	129734
1	10662
1	460199
1	425
1	111018
1	12359
1	2223
1	186803
1	2484
1	63925
1	17737
1	25273
1	224955
1	36796
1	279242
1	58304
1	75
1	502
1	4550
1	65389
1	494792
1	1615
1	26059
1	6605
1	11982
1	39373
1	1900798
1	16852
1	50645
1	19416
1	183259
1	92638
1	42207
1	225
1	42466
1	201713
1	208100
1	25319
1	3281
1	35495
1	1260
1	33263
1	56561
1	113
1	186100
1	226549
1	241654
1	169
1	121592
1	20730
1	5371
1	303274
1	33534
1	37119
